Writing this to a file.
0.999831
0.999831
0.999831
0.999831
0.999831
0.999831
0.999831
0.999831
0.999831
0.999831
0.999831
0.999831
0.999831
0.999831
0.999831
0.999831
0.999831
0.999831
0.999831
0.999831
0.999831
0.999831
0.999831
0.999831
0.999831
0.999831
0.999831
0.999831
0.999831
0.999831
0.999831
0.999831
0.999831
0.999831
0.999831
0.999831
0.999831
0.999831
0.999831
0.999662
0.999662
0.999662
0.999831
0.999662
0.999662
0.999662
0.999831
0.999831
0.999831
0.999831
0.999831
0.999831
0.999831
0.999831
0.999831
0.999831
0.999831
0.999831
0.999831
0.999831
0.999831
0.999831
0.999662
0.999662
0.999662
0.999831
0.999831
0.999662
0.999494
0.999325
0.999494
0.999662
0.999494
0.999831
0.999662
0.999662
0.999831
0.999831
0.999831
0.999831
0.999831
0.999831
0.999831
0.999831
0.999831
0.999831
0.999831
0.999662
0.999662
0.999494
0.999494
0.999325
0.999156
0.997975
0.995949
0.991392
0.986835
0.981603
0.975865
0.972658
0.972152
0.977384
0.980928
0.986329
0.990886
0.99443
0.997637
0.998819
0.999662
0.999662
0.999831
0.999831
0.999831
0.999831
0.999831
0.999494
0.999662
0.999156
0.998143
0.995443
0.989367
0.975021
0.950549
0.906835
0.839325
0.75865
0.687595
0.636118
0.625823
0.651308
0.707004
0.780253
0.866329
0.926414
0.966245
0.989705
0.998143
0.999662
0.999831
0.999831
0.999831
0.999831
0.999831
0.999325
0.999325
0.998143
0.994768
0.986835
0.965063
0.922194
0.852658
0.744304
0.609114
0.469198
0.364726
0.287426
0.266498
0.301097
0.396962
0.5227
0.670549
0.805232
0.91308
0.969114
0.995781
0.999662
0.999831
0.999831
0.999831
0.999831
0.999831
0.999831
0.998312
0.995105
0.987848
0.967089
0.923038
0.838312
0.714768
0.557131
0.40827
0.279494
0.197637
0.144135
0.129789
0.143291
0.198481
0.317637
0.481857
0.65097
0.81519
0.927426
0.988692
0.999156
0.999662
0.999662
0.999831
0.999831
0.999831
0.999662
0.998143
0.991392
0.976709
0.931308
0.844388
0.716624
0.554768
0.393586
0.265148
0.189705
0.155612
0.145654
0.133165
0.125232
0.13789
0.196793
0.320338
0.506835
0.696878
0.862616
0.972827
0.99865
0.999831
0.999662
0.999662
0.999831
0.999494
0.999325
0.997637
0.987679
0.951899
0.872236
0.745316
0.580591
0.403882
0.275274
0.207595
0.201519
0.22481
0.257215
0.265992
0.238987
0.199662
0.181097
0.236456
0.375527
0.582785
0.783291
0.947342
0.99865
0.999831
0.999831
0.999831
0.999831
0.999831
0.999662
0.996793
0.974008
0.910886
0.786329
0.628692
0.435781
0.299072
0.220084
0.223629
0.285401
0.371983
0.441688
0.462447
0.444726
0.352068
0.250633
0.211814
0.289958
0.477975
0.701772
0.920169
0.998312
0.999831
0.999831
0.999831
0.999831
0.999662
0.999494
0.993755
0.948017
0.845232
0.687257
0.499409
0.324051
0.226667
0.226329
0.308523
0.428186
0.543629
0.641688
0.685738
0.648776
0.521519
0.349705
0.237637
0.248776
0.4
0.624979
0.887426
0.997637
0.999831
0.999831
0.999831
0.999662
0.999831
0.999662
0.989198
0.908186
0.767426
0.573671
0.380084
0.240675
0.216878
0.297384
0.436793
0.588861
0.717637
0.805063
0.831561
0.784135
0.644388
0.443544
0.271899
0.225485
0.350042
0.570464
0.852152
0.995612
0.999662
0.999831
0.999831
0.999831
0.999662
0.999662
0.978228
0.854008
0.671224
0.456034
0.284051
0.210802
0.263966
0.411477
0.58903
0.747511
0.857722
0.906667
0.909367
0.852827
0.709873
0.502954
0.304979
0.230717
0.330127
0.539578
0.825148
0.993418
0.999662
0.999831
0.999831
0.999662
0.999494
0.999325
0.963713
0.785654
0.571814
0.357975
0.227173
0.227342
0.349536
0.544473
0.738059
0.869873
0.936034
0.954937
0.946835
0.873755
0.727089
0.521688
0.31865
0.237468
0.336878
0.542447
0.816203
0.992405
0.999831
0.999831
0.999831
0.999831
0.999831
0.999494
0.940928
0.710211
0.476962
0.28135
0.204051
0.275443
0.45384
0.675443
0.848101
0.936371
0.967426
0.973165
0.948186
0.858734
0.704641
0.48962
0.307342
0.250464
0.359494
0.571139
0.822616
0.991392
0.999831
0.999831
0.999831
0.999831
0.999831
0.999325
0.91173
0.639831
0.405063
0.234093
0.204388
0.341603
0.552911
0.781772
0.91308
0.96557
0.979409
0.968101
0.922532
0.803544
0.632574
0.428692
0.277975
0.273249
0.4
0.613333
0.843376
0.990717
0.999831
0.999831
0.999831
0.999831
0.999831
0.99865
0.885063
0.581435
0.35865
0.207764
0.225992
0.399831
0.637131
0.843038
0.940253
0.973671
0.971308
0.934515
0.852152
0.707004
0.515105
0.349536
0.254177
0.308692
0.464473
0.670211
0.876624
0.993418
0.999831
0.999831
0.999831
0.999831
0.999831
0.998312
0.858565
0.551899
0.33384
0.19865
0.241519
0.436624
0.674768
0.85789
0.933333
0.945654
0.919831
0.850464
0.725063
0.548861
0.394768
0.270886
0.260253
0.37789
0.566751
0.756118
0.912574
0.996118
0.999831
0.999662
0.999831
0.999831
0.999831
0.997975
0.847932
0.552911
0.337215
0.201013
0.235274
0.410127
0.629367
0.791899
0.858228
0.852658
0.787342
0.679156
0.535359
0.393924
0.278481
0.245907
0.322025
0.487595
0.671392
0.837468
0.950717
0.997637
0.999831
0.999831
0.999831
0.999662
0.999662
0.996962
0.855527
0.584304
0.366751
0.212489
0.203376
0.315781
0.481013
0.620084
0.672068
0.652489
0.574684
0.462616
0.347511
0.257384
0.227679
0.285907
0.44135
0.617384
0.782954
0.908523
0.978565
0.998819
0.999831
0.999831
0.999831
0.999662
0.999662
0.997131
0.88692
0.65654
0.433755
0.252321
0.16692
0.184304
0.268692
0.350211
0.386667
0.380422
0.32692
0.262954
0.210802
0.204726
0.276287
0.433586
0.596962
0.75038
0.884388
0.959831
0.992405
0.999325
0.999662
0.999831
0.999831
0.999831
0.999662
0.997468
0.920844
0.759831
0.548354
0.348017
0.193418
0.115781
0.110042
0.137384
0.16135
0.168776
0.162194
0.160506
0.1973
0.297722
0.448608
0.60692
0.757131
0.877975
0.952236
0.986835
0.9973
0.999662
0.999325
0.999662
0.999831
0.999831
0.999831
0.99865
0.964219
0.865316
0.708523
0.519494
0.338397
0.201519
0.123882
0.103122
0.109367
0.127932
0.164726
0.241181
0.360169
0.510886
0.662616
0.794937
0.896034
0.95865
0.986498
0.996624
0.998819
0.999325
0.999662
0.999662
0.999831
0.999831
0.999831
0.999662
0.990886
0.952574
0.871899
0.74616
0.594768
0.450127
0.339241
0.279494
0.273755
0.312068
0.398312
0.513755
0.639156
0.761688
0.86211
0.934008
0.974346
0.992068
0.996793
0.998481
0.999156
0.999494
0.999831
0.999831
0.999831
0.999831
0.999831
0.999831
0.998481
0.994093
0.981603
0.955612
0.917637
0.870211
0.831224
0.802869
0.792743
0.808101
0.8373
0.875612
0.919325
0.952574
0.978397
0.99038
0.996793
0.999156
0.999156
0.999494
0.999494
0.999662
0.999831
0.999831
0.999831
0.999831
0.999831
0.999831
0.999831
0.999831
0.999662
0.999494
0.99865
0.997468
0.997131
0.996793
0.996962
0.997468
0.997806
0.99865
0.999156
0.999662
0.999662
0.999831
0.999831
0.999831
0.999831
0.999831
0.999831
0.999831
0.999831
0.999831
0.999831
0.999831
0.999831
0.999831
0.999831
0.999831
0.999831
0.999831
0.999831
0.999831
0.999831
0.999831
0.999831
0.999831
0.999831
0.999831
0.999831
0.999831
0.999831
0.999831
0.999831
0.999831
0.999831
0.999831
0.999831
0.999831
0.999831
0.999831
0.999831
0.999831
0.999831
0.999831
0.999831
0.999831
0.999831
0.999831
0.999831
0.999831
0.999831
0.999831
0.999831
0.999831
0.999831
0.999831
0.999831
0.999831
0.999831
0.999831
0.999831
0.999831
0.999831
0.999831
0.999831
0.999831
0.999831
0.999831
0.999852
0.999852
0.999852
0.999852
0.999852
0.999852
0.999852
0.999852
0.999852
0.999852
0.999852
0.999852
0.999852
0.999852
0.999852
0.999852
0.999852
0.999852
0.999852
0.999852
0.999852
0.999852
0.999852
0.999852
0.999852
0.999852
0.999852
0.999852
0.999852
0.999852
0.999852
0.999852
0.999852
0.999852
0.999852
0.999852
0.999852
0.999852
0.999852
0.999852
0.999852
0.999852
0.999555
0.999555
0.999555
0.999852
0.999852
0.999852
0.999852
0.999852
0.999852
0.999852
0.999852
0.999852
0.999852
0.999852
0.999852
0.999852
0.999852
0.999852
0.999852
0.999852
0.999852
0.999852
0.999852
0.999852
0.999703
0.999703
0.999555
0.998962
0.997628
0.997924
0.997924
0.999407
0.999555
0.999703
0.999703
0.999852
0.999852
0.999852
0.999852
0.999852
0.999852
0.999852
0.999852
0.999852
0.999703
0.999852
0.999852
0.999852
0.999852
0.999852
0.999852
0.999555
0.998962
0.998814
0.996293
0.991845
0.988138
0.987989
0.989027
0.991993
0.993031
0.995255
0.997479
0.998221
0.99911
0.999555
0.999852
0.999852
0.999852
0.999852
0.999852
0.999852
0.999703
0.999703
0.999555
0.999555
0.999407
0.999259
0.998221
0.995403
0.985617
0.96382
0.908215
0.831554
0.766311
0.732651
0.740214
0.757859
0.792853
0.837189
0.890866
0.940243
0.973458
0.9914
0.997628
0.999852
0.999852
0.999852
0.999852
0.999852
0.999703
0.999407
0.999407
0.999259
0.998517
0.997924
0.997034
0.991548
0.976127
0.934015
0.846827
0.711151
0.592675
0.52669
0.519128
0.565243
0.635824
0.725979
0.820136
0.896501
0.955961
0.982948
0.995552
0.999703
0.999703
0.999852
0.999852
0.999852
0.999852
0.999555
0.999407
0.998962
0.998517
0.997331
0.995255
0.991103
0.973754
0.928233
0.827995
0.676601
0.526097
0.435498
0.426157
0.490807
0.592527
0.70952
0.820285
0.901987
0.95952
0.986358
0.995848
0.999852
0.999852
0.999852
0.999852
0.999852
0.999703
0.999555
0.999259
0.998962
0.998814
0.996886
0.995107
0.990955
0.97761
0.930012
0.822805
0.653173
0.473013
0.352461
0.361803
0.457592
0.598606
0.732503
0.847865
0.930605
0.971679
0.99051
0.996886
0.999852
0.999703
0.999852
0.999852
0.999852
0.999852
0.999703
0.999407
0.999259
0.997628
0.996441
0.995107
0.991696
0.980575
0.935202
0.823547
0.625741
0.408066
0.273577
0.297894
0.454626
0.635083
0.784549
0.897983
0.95863
0.985172
0.995996
0.998665
0.999852
0.999852
0.999852
0.999852
0.999703
0.999852
0.999703
0.999703
0.99911
0.997628
0.997183
0.9957
0.99051
0.98102
0.94395
0.824437
0.589116
0.321323
0.17156
0.265866
0.482355
0.685202
0.842823
0.940985
0.980724
0.994069
0.998221
0.99911
0.999703
0.999703
0.999852
0.999852
0.999703
0.999852
0.999852
0.999703
0.999259
0.998665
0.996886
0.9957
0.991103
0.981317
0.949585
0.819098
0.533956
0.206999
0.0917853
0.260083
0.536477
0.759342
0.905101
0.974199
0.993179
0.997034
0.998665
0.999852
0.999407
0.999555
0.999703
0.999852
0.999703
0.999703
0.999703
0.99911
0.998814
0.99911
0.997628
0.996293
0.991251
0.981762
0.954181
0.808867
0.433719
0.0919336
0.0523428
0.281435
0.6121
0.844603
0.955516
0.989917
0.997331
0.998072
0.999259
0.999703
0.999407
0.999703
0.999703
0.999852
0.999852
0.999852
0.999703
0.99911
0.999407
0.99911
0.998517
0.994662
0.990214
0.983244
0.959816
0.775059
0.280249
0.0237248
0.0379597
0.317023
0.719603
0.920522
0.985024
0.997034
0.997924
0.998962
0.999555
0.999852
0.999703
0.999852
0.999703
0.999703
0.999852
0.999852
0.999555
0.999407
0.999555
0.99911
0.998221
0.995403
0.991845
0.986062
0.949733
0.689798
0.132414
0.00874852
0.0395907
0.394276
0.836299
0.971679
0.995107
0.998221
0.998517
0.99911
0.999703
0.999852
0.999703
0.999852
0.999852
0.999852
0.999852
0.999852
0.999407
0.999407
0.999407
0.99911
0.998517
0.9957
0.992586
0.983837
0.915332
0.554715
0.0650949
0.00682088
0.0587189
0.536032
0.918298
0.989324
0.998072
0.998517
0.998517
0.99911
0.999703
0.999703
0.999703
0.999852
0.999852
0.999852
0.999852
0.999555
0.999555
0.999407
0.999703
0.999703
0.997924
0.996441
0.992289
0.964858
0.82844
0.413405
0.0453737
0.0088968
0.126928
0.677046
0.957295
0.994958
0.998369
0.998962
0.998369
0.99911
0.999703
0.999703
0.999852
0.999852
0.999852
0.999852
0.999703
0.999555
0.999852
0.999555
0.999555
0.99911
0.997924
0.995255
0.981465
0.913405
0.707295
0.338523
0.0470047
0.026987
0.267794
0.765125
0.965154
0.995255
0.997628
0.998221
0.998369
0.998814
0.999555
0.999407
0.999703
0.999703
0.999852
0.999852
0.999703
0.999703
0.999852
0.999555
0.998962
0.998665
0.996441
0.985469
0.947805
0.829478
0.600089
0.298784
0.0636121
0.094306
0.423191
0.802639
0.95952
0.991103
0.994217
0.996886
0.997628
0.997776
0.998665
0.998814
0.999407
0.999555
0.999852
0.999852
0.999852
0.999852
0.999852
0.999852
0.999259
0.997628
0.989917
0.965896
0.892942
0.744365
0.529953
0.281435
0.106317
0.214265
0.51809
0.807977
0.950623
0.98532
0.991548
0.993179
0.994662
0.996886
0.998369
0.998814
0.99911
0.999555
0.999555
0.999852
0.999703
0.999703
0.999555
0.999555
0.998072
0.992141
0.973903
0.924377
0.823695
0.663553
0.479241
0.289146
0.180902
0.323843
0.574437
0.799081
0.933126
0.976572
0.986358
0.991845
0.993772
0.99659
0.997479
0.998665
0.998962
0.999703
0.999555
0.999852
0.999852
0.999852
0.999555
0.998962
0.993921
0.978499
0.947361
0.871886
0.754597
0.607503
0.454181
0.322361
0.275059
0.40347
0.600237
0.784253
0.914887
0.965451
0.982058
0.989027
0.993772
0.996441
0.998072
0.998665
0.998814
0.999703
0.999703
0.999703
0.999852
0.999703
0.999555
0.997628
0.986358
0.964116
0.920077
0.828292
0.709371
0.57755
0.456109
0.374407
0.361803
0.456257
0.614769
0.771352
0.894276
0.959075
0.980279
0.989176
0.993772
0.997331
0.998517
0.998962
0.999259
0.999555
0.999852
0.999703
0.999852
0.999703
0.999555
0.996441
0.98102
0.954478
0.897687
0.801157
0.693209
0.578737
0.496293
0.446767
0.446916
0.509045
0.629004
0.774614
0.891014
0.958185
0.9828
0.992586
0.995403
0.998665
0.999407
0.999703
0.999407
0.999703
0.999852
0.999852
0.999852
0.999852
0.999852
0.995996
0.981317
0.959816
0.906287
0.818505
0.721382
0.638493
0.586744
0.558274
0.552491
0.583333
0.686833
0.811388
0.917112
0.97153
0.990214
0.995848
0.998072
0.999259
0.999555
0.999407
0.999555
0.999407
0.999852
0.999852
0.999852
0.999852
0.999852
0.998517
0.994365
0.9871
0.972865
0.951661
0.921263
0.896501
0.881228
0.871886
0.861655
0.870403
0.902284
0.949288
0.980279
0.994514
0.997776
0.999259
0.99911
0.999555
0.999555
0.999852
0.999703
0.999852
0.999852
0.999852
0.999852
0.999852
0.999852
0.999852
0.999703
0.999703
0.998962
0.998517
0.997924
0.997776
0.99659
0.995255
0.994069
0.994217
0.997034
0.998517
0.999555
0.999852
0.999852
0.999852
0.999852
0.999852
0.999852
0.999852
0.999852
0.999852
0.999852
0.999852
0.999852
0.999852
0.999852
0.999852
0.999852
0.999852
0.999852
0.999852
0.999852
0.999703
0.999703
0.999852
0.999852
0.999703
0.999703
0.999703
0.999852
0.999852
0.999852
0.999852
0.999852
0.999852
0.999852
0.999852
0.999852
0.999852
0.999852
0.999852
0.999852
0.999852
0.999852
0.999852
0.999852
0.999852
0.999852
0.999852
0.999852
0.999852
0.999852
0.999852
0.999852
0.999852
0.999852
0.999852
0.999852
0.999852
0.999852
0.999852
0.999852
0.999852
0.999852
0.999852
0.999852
0.999852
0.999852
0.999832
0.999832
0.999832
0.999832
0.999832
0.999832
0.999832
0.999832
0.999832
0.999832
0.999832
0.999832
0.999832
0.999664
0.999664
0.999832
0.999832
0.999832
0.999832
0.999832
0.999832
0.999832
0.999832
0.999832
0.999832
0.999832
0.999832
0.999832
0.999832
0.999832
0.999832
0.999832
0.999832
0.999832
0.999832
0.999832
0.999497
0.999329
0.998993
0.999161
0.999329
0.998993
0.998826
0.998322
0.997819
0.998826
0.999664
0.999832
0.999832
0.999832
0.999832
0.999832
0.999832
0.999832
0.999832
0.999832
0.999832
0.999832
0.999832
0.999832
0.999832
0.999664
0.999161
0.998154
0.996309
0.99245
0.989094
0.984396
0.979362
0.977517
0.975168
0.976174
0.980705
0.986913
0.992282
0.996812
0.998658
0.999497
0.999832
0.999664
0.999497
0.999664
0.999832
0.999832
0.999832
0.999832
0.999832
0.999832
0.999664
0.997315
0.991443
0.979698
0.958221
0.927349
0.893289
0.852013
0.809564
0.779362
0.764094
0.76896
0.793792
0.838926
0.88943
0.932215
0.961242
0.982718
0.994295
0.998826
0.999497
0.999664
0.999832
0.999832
0.999832
0.999832
0.999664
0.999497
0.998154
0.988255
0.967785
0.928523
0.869631
0.787416
0.696141
0.59547
0.501342
0.433221
0.406711
0.410403
0.460067
0.544966
0.662248
0.770638
0.866107
0.933054
0.975
0.995805
0.999497
0.999497
0.999832
0.999832
0.999832
0.999832
0.999497
0.999329
0.993792
0.97198
0.925671
0.854362
0.754362
0.642114
0.524161
0.409396
0.326342
0.263423
0.232718
0.226174
0.265604
0.347651
0.47802
0.628523
0.760738
0.867282
0.942282
0.987081
0.998826
0.999497
0.999832
0.999832
0.999832
0.999832
0.999664
0.99849
0.988926
0.953859
0.879866
0.787081
0.67047
0.556544
0.442953
0.35604
0.295805
0.25755
0.235906
0.227852
0.233893
0.280537
0.379362
0.522651
0.677013
0.805872
0.913591
0.977852
0.998826
0.999664
0.999664
0.999832
0.999832
0.999832
0.999497
0.997819
0.983054
0.938255
0.85302
0.754866
0.651342
0.551342
0.468456
0.417617
0.396477
0.394128
0.388087
0.361577
0.329027
0.31057
0.35755
0.463255
0.621644
0.762081
0.882718
0.968792
0.998322
0.999497
0.999664
0.999832
0.999832
0.999664
0.999329
0.997819
0.982047
0.932047
0.853859
0.770638
0.694799
0.622987
0.572987
0.561577
0.560738
0.572987
0.560067
0.517617
0.443456
0.364262
0.355201
0.433557
0.582718
0.741107
0.869799
0.965604
0.99849
0.999329
0.999832
0.999832
0.999832
0.999832
0.999329
0.997483
0.981711
0.938926
0.873826
0.819631
0.767953
0.730369
0.704866
0.711242
0.726846
0.734564
0.710906
0.630537
0.508054
0.391275
0.349161
0.420638
0.572148
0.741611
0.869799
0.964262
0.998658
0.999664
0.999664
0.999832
0.999832
0.999832
0.999497
0.997987
0.988087
0.952517
0.911577
0.878859
0.846141
0.82802
0.824832
0.834228
0.844631
0.842785
0.786745
0.673993
0.518456
0.385906
0.35151
0.424497
0.584228
0.757047
0.884899
0.968121
0.997315
0.998993
0.999329
0.999832
0.999832
0.999832
0.999832
0.998658
0.991275
0.97047
0.946644
0.93255
0.915436
0.903356
0.899329
0.903188
0.901007
0.873154
0.787752
0.647315
0.486577
0.367114
0.346309
0.443624
0.614933
0.785235
0.907047
0.973826
0.994463
0.997315
0.999329
0.999832
0.999832
0.999832
0.999832
0.999161
0.995134
0.983557
0.973322
0.959899
0.945973
0.934228
0.921477
0.907886
0.88406
0.817953
0.708054
0.574161
0.431711
0.341275
0.356879
0.481879
0.65906
0.824497
0.92651
0.978691
0.990268
0.994799
0.998826
0.999664
0.999832
0.999832
0.999664
0.999329
0.995973
0.987416
0.972148
0.951007
0.92651
0.896644
0.861913
0.817114
0.761913
0.677852
0.577349
0.464933
0.360906
0.324832
0.400503
0.547651
0.712248
0.858725
0.939597
0.973658
0.983221
0.989933
0.996309
0.999329
0.999832
0.999832
0.999832
0.998658
0.992953
0.974329
0.940604
0.892785
0.836913
0.776007
0.707215
0.633054
0.558389
0.471309
0.396477
0.329027
0.300168
0.334899
0.44396
0.598826
0.761409
0.875503
0.936577
0.960906
0.971477
0.983221
0.99396
0.999497
0.999832
0.999832
0.999664
0.995973
0.978859
0.93406
0.861409
0.776174
0.686745
0.599832
0.513255
0.427517
0.345973
0.275336
0.236577
0.229866
0.271477
0.357886
0.486913
0.634396
0.762919
0.854195
0.90453
0.929362
0.950839
0.974664
0.991611
0.998826
0.999832
0.999832
0.999161
0.988758
0.94849
0.863926
0.754027
0.638758
0.527517
0.433054
0.359732
0.290772
0.224329
0.190101
0.180872
0.216275
0.283221
0.383389
0.500503
0.623658
0.724329
0.798826
0.84396
0.878523
0.915268
0.955034
0.987919
0.998993
0.999832
0.999832
0.998993
0.975671
0.907383
0.784899
0.64396
0.51443
0.428691
0.359228
0.305201
0.249329
0.215268
0.190268
0.197483
0.239597
0.300839
0.382215
0.463087
0.561913
0.638926
0.705034
0.758893
0.816946
0.871309
0.934564
0.986577
0.998993
0.999832
0.999832
0.99849
0.959899
0.863758
0.722315
0.563758
0.443456
0.361577
0.311745
0.27651
0.243289
0.215604
0.207047
0.226174
0.262416
0.307047
0.348826
0.407886
0.473322
0.538423
0.602013
0.672315
0.747315
0.833221
0.927181
0.989094
0.999161
0.999832
0.999832
0.998154
0.950671
0.837248
0.687416
0.519799
0.388926
0.294966
0.24396
0.214597
0.202181
0.205369
0.218624
0.250839
0.293456
0.323658
0.350839
0.377349
0.413423
0.474497
0.536745
0.625
0.727349
0.831544
0.934396
0.990604
0.999497
0.999832
0.999832
0.996812
0.946812
0.838255
0.69396
0.519463
0.377181
0.261745
0.20151
0.187752
0.191107
0.220638
0.279027
0.342114
0.381544
0.404698
0.414262
0.418456
0.44094
0.481879
0.56057
0.651007
0.756711
0.861242
0.952517
0.992617
0.999832
0.999832
0.999664
0.996812
0.957383
0.867114
0.742617
0.587919
0.442617
0.325168
0.258893
0.248993
0.281711
0.342282
0.415604
0.487584
0.532886
0.555369
0.548322
0.538758
0.542953
0.584899
0.655705
0.742785
0.824832
0.907886
0.972483
0.996477
0.999832
0.999832
0.999832
0.997819
0.976007
0.919799
0.838758
0.719631
0.601007
0.504027
0.454866
0.450336
0.489262
0.551846
0.61896
0.675839
0.71057
0.718456
0.708054
0.701174
0.714765
0.739933
0.791107
0.846644
0.903188
0.952517
0.986913
0.999161
0.999832
0.999832
0.999832
0.999664
0.994295
0.976174
0.942953
0.897483
0.844128
0.800336
0.77047
0.765268
0.785235
0.809899
0.840604
0.862919
0.878523
0.880034
0.878859
0.880201
0.88557
0.897987
0.918121
0.942785
0.965436
0.988087
0.997819
0.999664
0.999832
0.999832
0.999832
0.999832
0.999664
0.998154
0.995638
0.990604
0.985906
0.980872
0.978188
0.974497
0.974161
0.972315
0.974664
0.974664
0.975503
0.976342
0.977013
0.979698
0.982886
0.986074
0.988423
0.991275
0.993624
0.997315
0.998993
0.999664
0.999832
0.999832
0.999832
0.999832
0.999832
0.999832
0.999832
0.999664
0.999497
0.999497
0.999497
0.999161
0.998826
0.99849
0.997819
0.997315
0.997148
0.997483
0.997148
0.997651
0.998322
0.998658
0.998993
0.999329
0.999664
0.999832
0.999664
0.999664
0.999832
0.999832
0.999832
0.999832
0.999832
0.999832
0.999832
0.999832
0.999832
0.999832
0.999832
0.999832
0.999832
0.999832
0.999832
0.999832
0.999832
0.999832
0.999832
0.999832
0.999832
0.999832
0.999832
0.999832
0.999832
0.999832
0.999832
0.999832
0.999832
0.999832
0.999832
0.999832
0.999832
0.999832
0.999832
0.999832
0.999832
0.999832
0.999832
0.999832
0.999832
0.999832
0.999832
0.999832
0.999832
0.999832
0.999832
0.999832
0.999832
0.999832
0.999832
0.999832
0.999832
0.999832
0.999832
0.999832
0.999832
0.999837
0.999837
0.999837
0.999837
0.999837
0.999837
0.999837
0.999837
0.999837
0.999837
0.999837
0.999837
0.999837
0.999837
0.999837
0.999837
0.999837
0.999837
0.999837
0.999837
0.999837
0.999837
0.999837
0.999837
0.999837
0.999837
0.999837
0.999837
0.999837
0.999837
0.999837
0.999837
0.999837
0.999837
0.999837
0.999837
0.999837
0.999837
0.999837
0.999837
0.999837
0.999837
0.999837
0.999837
0.999837
0.999837
0.999837
0.999837
0.999837
0.999837
0.999837
0.999837
0.999837
0.999837
0.999837
0.999837
0.999837
0.999837
0.999837
0.999837
0.999837
0.999837
0.999837
0.999837
0.999837
0.999837
0.999674
0.999511
0.999511
0.999511
0.999511
0.999348
0.999511
0.999511
0.999511
0.999674
0.999837
0.999837
0.999837
0.999837
0.999837
0.999837
0.999837
0.999837
0.999837
0.999837
0.999837
0.999837
0.999837
0.999022
0.998533
0.997554
0.99413
0.99038
0.984673
0.975868
0.968857
0.964618
0.962172
0.963639
0.968694
0.973422
0.980597
0.989728
0.993315
0.996902
0.999022
0.999837
0.999837
0.999837
0.999837
0.999837
0.999837
0.999674
0.999674
0.999185
0.997391
0.988586
0.974401
0.947823
0.908854
0.856025
0.795532
0.738464
0.69232
0.662645
0.654492
0.671286
0.719061
0.779227
0.844774
0.896299
0.944073
0.975053
0.990543
0.998696
0.999837
0.999837
0.999837
0.999837
0.999837
0.999837
0.999674
0.996902
0.981575
0.9519
0.901679
0.825371
0.726072
0.604109
0.482472
0.374205
0.293657
0.241481
0.231534
0.262677
0.327898
0.443992
0.580955
0.711887
0.823414
0.909669
0.968368
0.993478
0.999022
0.999837
0.999837
0.999837
0.999837
0.999837
0.998859
0.989075
0.958585
0.903962
0.821947
0.707973
0.569379
0.434534
0.316648
0.229578
0.17414
0.141366
0.127018
0.121311
0.163705
0.255992
0.401598
0.563509
0.711397
0.840209
0.93804
0.985651
0.998369
0.999837
0.999837
0.999837
0.999837
0.999022
0.998859
0.982227
0.939181
0.877059
0.781836
0.674221
0.557313
0.445948
0.368335
0.323496
0.306375
0.293331
0.262025
0.213762
0.20137
0.233491
0.341269
0.4872
0.654329
0.797978
0.916191
0.98076
0.998206
0.999837
0.999837
0.999837
0.999837
0.999674
0.998859
0.978966
0.939834
0.885211
0.810696
0.72917
0.650742
0.590739
0.566607
0.56302
0.569868
0.552421
0.49144
0.387412
0.310941
0.282733
0.341921
0.472363
0.640796
0.795206
0.913745
0.979945
0.998696
0.999837
0.999837
0.999837
0.999837
0.999674
0.998696
0.984184
0.952552
0.917659
0.865156
0.824393
0.790152
0.766509
0.761454
0.757378
0.740584
0.689059
0.581119
0.436165
0.31306
0.279146
0.35578
0.508886
0.676993
0.830099
0.930214
0.984184
0.999348
0.999674
0.999837
0.999837
0.999837
0.999674
0.999022
0.988586
0.972281
0.954019
0.929235
0.911626
0.888961
0.873145
0.845916
0.798467
0.719224
0.608022
0.451166
0.31518
0.230393
0.271319
0.390836
0.577531
0.748573
0.883581
0.953693
0.991521
0.999674
0.999511
0.999837
0.999837
0.999837
0.999674
0.999185
0.993967
0.985162
0.977336
0.96527
0.948802
0.922061
0.868743
0.779064
0.644709
0.501712
0.355291
0.241317
0.176586
0.181477
0.280124
0.452796
0.662319
0.818034
0.926626
0.981249
0.995598
0.999837
0.999674
0.999837
0.999837
0.999837
0.999837
0.999674
0.997391
0.992337
0.985488
0.978151
0.951247
0.884885
0.76765
0.599707
0.423121
0.272624
0.167455
0.113321
0.108593
0.167292
0.283874
0.484918
0.685472
0.84722
0.943584
0.983858
0.997391
0.999674
0.999511
0.999837
0.999837
0.999837
0.999837
0.999837
0.998859
0.995435
0.991358
0.976194
0.931518
0.83972
0.674221
0.47171
0.29382
0.177238
0.118213
0.109082
0.12767
0.174629
0.270341
0.432089
0.621556
0.79863
0.915539
0.973912
0.994619
0.999348
0.999674
0.999837
0.999837
0.999837
0.999511
0.999674
0.998533
0.994619
0.987771
0.970651
0.921572
0.819827
0.661177
0.485733
0.340453
0.263819
0.233002
0.239524
0.243111
0.236589
0.258764
0.339964
0.505136
0.701125
0.858797
0.944725
0.986956
0.998369
0.999674
0.999837
0.999837
0.999837
0.999674
0.998369
0.994945
0.989728
0.979782
0.964128
0.930214
0.855536
0.736181
0.618458
0.533181
0.49894
0.491766
0.485244
0.451818
0.381053
0.306375
0.299527
0.404859
0.593511
0.786891
0.906245
0.971792
0.996413
0.999837
0.999511
0.999837
0.999837
0.999511
0.995924
0.987119
0.975868
0.963965
0.952878
0.936247
0.897277
0.844122
0.791945
0.753302
0.744823
0.746943
0.722811
0.657264
0.5278
0.368335
0.296592
0.354313
0.530409
0.727213
0.875917
0.956791
0.993804
0.999837
0.999674
0.999837
0.999837
0.999348
0.993478
0.973422
0.951247
0.932659
0.922713
0.91293
0.903962
0.902984
0.898092
0.89744
0.896136
0.8857
0.84885
0.754769
0.59987
0.413175
0.309962
0.341595
0.507908
0.703408
0.850318
0.948802
0.992826
0.999837
0.999837
0.999837
0.999837
0.999674
0.989565
0.953856
0.913582
0.874939
0.853253
0.844611
0.857166
0.879993
0.902332
0.914887
0.922224
0.908691
0.85521
0.731779
0.556498
0.390836
0.30393
0.342084
0.517365
0.705201
0.8451
0.948312
0.993315
0.999837
0.999837
0.999837
0.999837
0.999185
0.984836
0.936899
0.871352
0.808414
0.764063
0.739768
0.742377
0.774499
0.810533
0.847872
0.857166
0.823251
0.742051
0.605739
0.446437
0.312082
0.286809
0.368661
0.554215
0.730474
0.865482
0.958911
0.995598
0.999837
0.999837
0.999837
0.999837
0.998859
0.982716
0.925485
0.847383
0.754769
0.673406
0.610957
0.581119
0.590739
0.622208
0.658242
0.655797
0.610957
0.520952
0.399152
0.284852
0.242459
0.292516
0.447742
0.629382
0.787706
0.902332
0.97489
0.997554
0.999837
0.999674
0.999837
0.999837
0.998859
0.984184
0.932985
0.852112
0.744986
0.621392
0.512474
0.426056
0.381379
0.378281
0.380564
0.367683
0.324148
0.26496
0.209196
0.194358
0.253872
0.395076
0.569868
0.732757
0.861732
0.949128
0.989402
0.999185
0.999837
0.999674
0.999837
0.999837
0.999674
0.98826
0.95353
0.888309
0.790478
0.651557
0.508071
0.374205
0.273928
0.211968
0.179521
0.158813
0.145117
0.146747
0.177727
0.26121
0.400783
0.57052
0.731616
0.852927
0.936083
0.979945
0.996413
0.999674
0.999837
0.999837
0.999837
0.999837
0.999837
0.994293
0.977173
0.93429
0.87021
0.767324
0.633458
0.495353
0.371107
0.275232
0.219958
0.197619
0.214088
0.269362
0.364422
0.504158
0.651557
0.780695
0.875754
0.944399
0.980597
0.994945
0.999185
0.999674
0.999837
0.999674
0.999837
0.999837
0.999837
0.998533
0.992173
0.975868
0.94978
0.908202
0.850481
0.779227
0.71368
0.652209
0.61324
0.600522
0.618947
0.670145
0.733736
0.81624
0.88407
0.933149
0.96902
0.988912
0.996739
0.998533
0.999511
0.999837
0.999837
0.999837
0.999837
0.999837
0.999837
0.999674
0.999511
0.997554
0.995108
0.989402
0.980923
0.972281
0.964292
0.954182
0.946519
0.946682
0.948475
0.956139
0.966574
0.975542
0.98451
0.990543
0.995108
0.997717
0.999185
0.999511
0.999837
0.999837
0.999837
0.999837
0.999837
0.999837
0.999837
0.999837
0.999837
0.999837
0.999511
0.999511
0.999348
0.999185
0.999185
0.998369
0.998206
0.998043
0.998043
0.998206
0.998533
0.998369
0.998533
0.998859
0.999185
0.999348
0.999511
0.999674
0.999837
0.999837
0.999837
0.999837
0.999837
0.999837
0.999837
0.999837
0.999837
0.999837
0.999837
0.999837
0.999837
0.999837
0.999837
0.999837
0.999837
0.999837
0.999837
0.999837
0.999837
0.999837
0.999837
0.999837
0.999837
0.999837
0.999837
0.999837
0.999837
0.999837
0.999837
0.999837
0.999837
0.999829
0.999829
0.999829
0.999829
0.999829
0.999829
0.999829
0.999829
0.999829
0.999829
0.999829
0.999829
0.999829
0.999829
0.999829
0.999829
0.999829
0.999829
0.999829
0.999829
0.999829
0.999829
0.999829
0.999829
0.999829
0.999829
0.999829
0.999829
0.999829
0.999829
0.999829
0.999829
0.999829
0.999829
0.999829
0.999829
0.999829
0.999829
0.999829
0.999829
0.999829
0.999658
0.999658
0.999829
0.999829
0.999829
0.999829
0.999829
0.999829
0.999829
0.999829
0.999829
0.999829
0.999829
0.999829
0.999829
0.999829
0.999829
0.999829
0.999829
0.999829
0.999829
0.999829
0.999829
0.999829
0.999829
0.999829
0.999829
0.999658
0.999316
0.999144
0.999144
0.999316
0.999316
0.999829
0.999487
0.999487
0.999658
0.999658
0.999829
0.999829
0.999829
0.999829
0.999829
0.999829
0.999829
0.999829
0.999829
0.999829
0.999829
0.999658
0.999658
0.999316
0.99846
0.998118
0.997091
0.997604
0.997091
0.996235
0.994695
0.994867
0.994695
0.994011
0.991958
0.989733
0.991273
0.994182
0.996749
0.99846
0.999658
0.999829
0.999829
0.999829
0.999829
0.999829
0.999829
0.998973
0.997604
0.996749
0.994353
0.990589
0.984942
0.982033
0.977413
0.972108
0.974333
0.976386
0.971595
0.962868
0.94781
0.938741
0.928816
0.924196
0.93412
0.953457
0.969541
0.98768
0.997091
0.999658
0.999829
0.999829
0.999829
0.999829
0.999316
0.996235
0.989904
0.979466
0.965606
0.945243
0.914613
0.892197
0.880903
0.879877
0.893908
0.905715
0.90178
0.867214
0.815024
0.774812
0.76232
0.774127
0.807495
0.851814
0.899897
0.950376
0.989733
0.999316
0.999829
0.999829
0.999829
0.999829
0.998118
0.992129
0.980493
0.956879
0.924538
0.880732
0.81896
0.767454
0.744867
0.753936
0.794148
0.833676
0.84052
0.785763
0.700034
0.630219
0.616188
0.642882
0.710643
0.783368
0.858145
0.93104
0.984257
0.998118
0.999829
0.999829
0.999829
0.999829
0.997091
0.987337
0.968857
0.937372
0.883984
0.804073
0.716461
0.65178
0.623374
0.654004
0.709959
0.781485
0.804928
0.734942
0.617556
0.522245
0.513176
0.56588
0.665127
0.770534
0.86037
0.935147
0.982888
0.997262
0.999829
0.999829
0.999829
0.999658
0.995893
0.983402
0.960986
0.917009
0.841205
0.738193
0.620637
0.537988
0.516256
0.565537
0.668891
0.766427
0.791581
0.699863
0.546201
0.431725
0.433607
0.531656
0.664271
0.789014
0.883984
0.956708
0.989562
0.99846
0.999829
0.999829
0.999829
0.999658
0.996235
0.98152
0.953799
0.895277
0.792437
0.6641
0.518994
0.439254
0.438227
0.537474
0.673682
0.793634
0.797741
0.663587
0.466461
0.350616
0.374743
0.524298
0.700719
0.826318
0.925394
0.977584
0.994011
0.999316
0.999829
0.999829
0.999829
0.999487
0.995038
0.977755
0.94165
0.867728
0.741615
0.572553
0.416496
0.350103
0.411704
0.556126
0.728611
0.847707
0.80373
0.601643
0.373032
0.273443
0.362423
0.553901
0.747091
0.875086
0.955852
0.98922
0.99692
0.999829
0.999829
0.999829
0.999829
0.999316
0.993669
0.97553
0.928131
0.82666
0.660678
0.465092
0.314682
0.299452
0.427447
0.62423
0.808864
0.883299
0.768652
0.501711
0.271389
0.226557
0.380048
0.605578
0.801848
0.915298
0.972964
0.992813
0.99846
0.999487
0.999829
0.999829
0.999658
0.999316
0.993155
0.970568
0.9064
0.770021
0.561088
0.351643
0.230835
0.280116
0.461328
0.68258
0.823751
0.831451
0.657598
0.364134
0.182067
0.213381
0.402806
0.645277
0.824778
0.921458
0.971081
0.988706
0.997091
0.999316
0.999829
0.999829
0.999658
0.999487
0.992471
0.962183
0.870123
0.693361
0.462526
0.25616
0.173169
0.261294
0.450719
0.626454
0.704825
0.654517
0.455168
0.226044
0.117556
0.201403
0.410164
0.635524
0.799795
0.900411
0.951232
0.979637
0.995551
0.999144
0.999829
0.999829
0.999658
0.999658
0.989904
0.950034
0.828371
0.621663
0.387748
0.201061
0.141855
0.19935
0.32974
0.413073
0.43104
0.37577
0.240589
0.110712
0.0835044
0.186174
0.389117
0.593771
0.759069
0.867043
0.927276
0.970055
0.994011
0.999316
0.999829
0.999829
0.999829
0.998973
0.988022
0.944559
0.802361
0.596167
0.378679
0.215435
0.142882
0.152464
0.194045
0.217659
0.21475
0.168891
0.11037
0.0597194
0.072553
0.192163
0.389459
0.59822
0.755818
0.857803
0.920945
0.968001
0.992642
0.999144
0.999829
0.999829
0.999829
0.999658
0.991102
0.947467
0.813142
0.640999
0.46937
0.33128
0.255305
0.232204
0.231006
0.225359
0.206537
0.158795
0.102669
0.0723819
0.125941
0.278747
0.484942
0.675907
0.80373
0.887919
0.940965
0.974675
0.994695
0.999144
0.999829
0.999829
0.999829
0.999487
0.99384
0.962355
0.869097
0.748973
0.640144
0.55527
0.502909
0.484428
0.459274
0.433949
0.365674
0.267112
0.180527
0.156742
0.261465
0.444045
0.636379
0.782341
0.873374
0.932752
0.965435
0.985284
0.997262
0.999316
0.999829
0.999829
0.999829
0.999144
0.996407
0.980322
0.930014
0.87115
0.819131
0.78217
0.759411
0.74538
0.712355
0.642026
0.521561
0.384326
0.288501
0.29449
0.415469
0.591889
0.7577
0.866359
0.928474
0.966804
0.983744
0.994524
0.99846
0.999487
0.999829
0.999829
0.999829
0.999658
0.997604
0.991102
0.97245
0.950034
0.93258
0.920431
0.909822
0.882101
0.824264
0.721253
0.585729
0.449863
0.384155
0.407255
0.520192
0.674025
0.806982
0.895106
0.947981
0.976215
0.991102
0.997775
0.999316
0.999829
0.999829
0.999829
0.999829
0.999658
0.998973
0.996235
0.989562
0.98306
0.979295
0.969199
0.949692
0.909651
0.825633
0.712697
0.588809
0.495209
0.46167
0.488022
0.580938
0.711499
0.824093
0.902806
0.951232
0.976044
0.990931
0.997091
0.999487
0.999829
0.999829
0.999829
0.999829
0.999829
0.999487
0.998973
0.997262
0.994867
0.98768
0.970055
0.940452
0.878679
0.791923
0.685147
0.595654
0.541068
0.516769
0.546715
0.624914
0.728268
0.825462
0.897673
0.945756
0.974162
0.98922
0.996235
0.999316
0.999829
0.999829
0.999829
0.999829
0.999829
0.999829
0.999829
0.99846
0.994867
0.984942
0.962183
0.921458
0.8513
0.767112
0.67796
0.617556
0.583676
0.569815
0.590178
0.655544
0.742984
0.82666
0.894935
0.942163
0.971253
0.988535
0.996235
0.999144
0.999658
0.999829
0.999829
0.999829
0.999829
0.999829
0.999829
0.999144
0.994011
0.981691
0.956366
0.911362
0.846167
0.771561
0.709274
0.663587
0.642197
0.628166
0.648186
0.695585
0.765572
0.836756
0.898357
0.945927
0.975359
0.990246
0.996749
0.999316
0.999658
0.999829
0.999829
0.999829
0.999829
0.999829
0.999829
0.998802
0.994353
0.983402
0.965264
0.930869
0.888261
0.838809
0.800992
0.772758
0.755133
0.745722
0.761465
0.799281
0.841718
0.892539
0.931211
0.965777
0.984257
0.993326
0.998631
0.999487
0.999829
0.999829
0.999829
0.999829
0.999829
0.999829
0.999658
0.999487
0.998289
0.994695
0.987851
0.97707
0.965435
0.955339
0.948665
0.934805
0.925051
0.923682
0.935661
0.951232
0.965435
0.979295
0.988706
0.994182
0.99692
0.997947
0.999487
0.999829
0.999829
0.999829
0.999829
0.999829
0.999829
0.999829
0.999658
0.999658
0.999658
0.999658
0.999316
0.998289
0.997947
0.997091
0.997262
0.996749
0.997262
0.998118
0.998289
0.998289
0.998631
0.999316
0.999658
0.999829
0.999658
0.999658
0.999829
0.999829
0.999829
0.999829
0.999829
0.999829
0.999829
0.999829
0.999829
0.999829
0.999829
0.999829
0.999829
0.999829
0.999829
0.999829
0.999829
0.999829
0.999829
0.999829
0.999829
0.999829
0.999829
0.999829
0.999829
0.999829
0.999829
0.999829
0.999829
0.999829
0.999829
0.999829
0.999816
0.999816
0.999816
0.999816
0.999816
0.999816
0.999816
0.999816
0.999816
0.999816
0.999816
0.999816
0.999816
0.999816
0.999816
0.999816
0.999816
0.999816
0.999816
0.999816
0.999816
0.999816
0.999816
0.999816
0.999816
0.999816
0.999816
0.999816
0.999816
0.999816
0.999816
0.999816
0.999816
0.999816
0.999816
0.999816
0.999816
0.999816
0.999816
0.999816
0.999816
0.999816
0.999816
0.999816
0.999816
0.999816
0.999816
0.999816
0.999816
0.999816
0.999816
0.999816
0.999816
0.999816
0.999816
0.999816
0.999816
0.999816
0.999816
0.999816
0.999816
0.999816
0.999816
0.999816
0.999816
0.999816
0.999816
0.999816
0.999816
0.999816
0.999631
0.999262
0.998894
0.998525
0.998525
0.998525
0.999078
0.999447
0.999447
0.999631
0.999816
0.999816
0.999816
0.999816
0.999816
0.999816
0.999816
0.999816
0.999631
0.999816
0.999816
0.999816
0.999631
0.999078
0.997787
0.996496
0.993915
0.990964
0.98783
0.982851
0.98322
0.982666
0.982113
0.982851
0.985064
0.988014
0.990411
0.99539
0.997234
0.999447
0.999631
0.999816
0.999816
0.999816
0.999816
0.999816
0.999816
0.999262
0.997603
0.994468
0.989858
0.976581
0.956666
0.93712
0.917204
0.891573
0.870551
0.855431
0.83865
0.834962
0.845473
0.857828
0.874793
0.889176
0.912595
0.936198
0.96607
0.988383
0.99834
0.999816
0.999816
0.999816
0.999816
0.999631
0.999262
0.996865
0.988198
0.974184
0.948921
0.907616
0.848608
0.780564
0.716578
0.654619
0.612207
0.582703
0.566845
0.565001
0.573115
0.598008
0.635073
0.687811
0.739443
0.804721
0.879218
0.951872
0.990042
0.999447
0.999816
0.999816
0.999631
0.999816
0.998709
0.991149
0.974922
0.947077
0.897105
0.818366
0.725798
0.620505
0.523327
0.449751
0.401623
0.379679
0.380048
0.374516
0.39775
0.432049
0.480177
0.541029
0.608519
0.684123
0.784068
0.901899
0.978425
0.997603
0.999816
0.999816
0.999631
0.999816
0.998709
0.986908
0.961276
0.916836
0.841416
0.732989
0.606306
0.488291
0.39314
0.34243
0.31938
0.317905
0.324175
0.33653
0.360502
0.397382
0.446985
0.50544
0.568136
0.638945
0.732989
0.865757
0.968468
0.997972
0.999816
0.999816
0.999816
0.999816
0.997972
0.982482
0.951503
0.888254
0.786834
0.654804
0.520007
0.398304
0.343721
0.328785
0.343906
0.370275
0.398304
0.425963
0.461368
0.499723
0.542689
0.582888
0.634888
0.685967
0.758436
0.871473
0.973078
0.998525
0.999816
0.999816
0.999816
0.999816
0.996312
0.97861
0.93712
0.855615
0.731145
0.588051
0.442375
0.345381
0.33192
0.377282
0.443297
0.506546
0.550065
0.58842
0.623824
0.655357
0.691499
0.723585
0.754933
0.789415
0.835515
0.909644
0.981744
0.998525
0.999816
0.999816
0.999816
0.999816
0.99373
0.974922
0.92163
0.821132
0.676563
0.498433
0.356445
0.297806
0.31938
0.410843
0.517057
0.600959
0.671768
0.728564
0.769685
0.810068
0.840125
0.863913
0.881615
0.900793
0.92163
0.957404
0.989674
0.999262
0.999816
0.999816
0.999816
0.999262
0.992071
0.968468
0.908538
0.786649
0.61276
0.422829
0.27199
0.230131
0.290061
0.407155
0.525355
0.618477
0.687074
0.757514
0.822792
0.878112
0.91868
0.943758
0.95851
0.96478
0.97234
0.983957
0.995943
0.999631
0.999816
0.999816
0.999816
0.998709
0.991518
0.962751
0.891942
0.754748
0.558363
0.344643
0.200811
0.175364
0.248387
0.357367
0.455099
0.538079
0.612207
0.684861
0.768763
0.854877
0.914439
0.957588
0.979347
0.98783
0.994284
0.997234
0.998894
0.999816
0.999816
0.999816
0.999816
0.998525
0.990964
0.961645
0.890651
0.749032
0.543426
0.326941
0.198783
0.181081
0.22884
0.299096
0.372303
0.432602
0.505071
0.576065
0.659782
0.76489
0.860225
0.932141
0.970312
0.988752
0.996496
0.998894
0.999447
0.999816
0.999631
0.999816
0.999816
0.998709
0.991886
0.964964
0.901162
0.779458
0.596902
0.408999
0.300756
0.276784
0.302231
0.345012
0.379679
0.415453
0.451226
0.496035
0.569427
0.677116
0.790153
0.888254
0.946708
0.980822
0.994837
0.999447
0.999816
0.999816
0.999631
0.999816
0.999816
0.998156
0.99244
0.968836
0.916836
0.830168
0.704038
0.579569
0.501199
0.479439
0.485893
0.487737
0.487
0.481652
0.467085
0.478886
0.515951
0.611285
0.735386
0.847501
0.921077
0.965517
0.990964
0.998709
0.999816
0.999816
0.999816
0.999816
0.999816
0.997603
0.987645
0.954269
0.909829
0.866679
0.808777
0.751798
0.716024
0.705882
0.68984
0.671953
0.624562
0.570164
0.51005
0.472801
0.487184
0.56998
0.693528
0.81265
0.902637
0.954269
0.98617
0.998894
0.999816
0.999816
0.999816
0.999816
0.999816
0.996681
0.976212
0.916836
0.853587
0.837913
0.840679
0.839019
0.840125
0.839388
0.828508
0.776507
0.704407
0.61608
0.527015
0.470588
0.482943
0.552462
0.678407
0.796054
0.889176
0.946708
0.983404
0.998709
0.999631
0.999816
0.999816
0.999816
0.999631
0.995759
0.960907
0.870736
0.774663
0.753089
0.77872
0.813941
0.850821
0.860594
0.843998
0.789784
0.702194
0.59764
0.506731
0.458049
0.47317
0.558363
0.679329
0.795316
0.885488
0.944864
0.982851
0.998709
0.999631
0.999816
0.999816
0.999816
0.999262
0.995574
0.952978
0.834225
0.695556
0.631938
0.641527
0.694634
0.736493
0.76489
0.754564
0.707726
0.62825
0.530518
0.456021
0.436843
0.466347
0.569795
0.693896
0.805458
0.893417
0.950765
0.985617
0.99834
0.999631
0.999816
0.999816
0.999816
0.999078
0.994652
0.958141
0.837175
0.662548
0.541582
0.495113
0.497879
0.535681
0.570164
0.574959
0.543242
0.484603
0.421353
0.389452
0.407155
0.476489
0.603909
0.725429
0.839203
0.914439
0.964411
0.989674
0.998894
0.999631
0.999631
0.999816
0.999816
0.999631
0.995574
0.968652
0.872211
0.69574
0.536419
0.425041
0.366034
0.35331
0.35958
0.362346
0.353679
0.328785
0.327678
0.341508
0.411765
0.534206
0.668818
0.790706
0.879587
0.942098
0.977872
0.99539
0.999262
0.999631
0.999816
0.999816
0.999816
0.999816
0.997603
0.982482
0.926056
0.797345
0.63747
0.481099
0.361424
0.293749
0.260926
0.248018
0.257791
0.285082
0.320671
0.393325
0.507468
0.640052
0.766365
0.86336
0.930481
0.969021
0.988383
0.997603
0.999078
0.999631
0.999816
0.999816
0.999816
0.999631
0.998525
0.990964
0.965148
0.895445
0.785359
0.653144
0.529965
0.426885
0.358658
0.344643
0.354785
0.391112
0.464503
0.565739
0.683017
0.796238
0.875161
0.937857
0.969758
0.989305
0.994837
0.998894
0.999447
0.999631
0.999816
0.999816
0.999816
0.999816
0.999447
0.997418
0.990964
0.964411
0.919048
0.853402
0.782224
0.715287
0.666421
0.640789
0.651484
0.688364
0.748479
0.815785
0.883828
0.9279
0.96146
0.981191
0.991702
0.995759
0.99834
0.999262
0.999816
0.999816
0.999816
0.999816
0.999816
0.999816
0.999631
0.999447
0.998709
0.993915
0.985617
0.973262
0.957219
0.94302
0.934169
0.935644
0.937857
0.94929
0.961276
0.972524
0.98156
0.988752
0.994284
0.997418
0.99834
0.998156
0.998894
0.999262
0.999816
0.999816
0.999816
0.999816
0.999816
0.999816
0.999816
0.999816
0.999816
0.999631
0.999447
0.998709
0.997787
0.995943
0.995021
0.995021
0.995206
0.996496
0.996312
0.996865
0.99705
0.998156
0.998894
0.999262
0.999447
0.999447
0.999816
0.999816
0.999816
0.999816
0.999816
0.999816
0.999816
0.999816
0.999816
0.999816
0.999816
0.999816
0.999816
0.999816
0.999816
0.999631
0.999631
0.999631
0.999631
0.999816
0.999816
0.999816
0.999816
0.999816
0.999816
0.999816
0.999816
0.999816
0.999816
0.999816
0.999816
0.999816
0.999816
0.999831
0.999831
0.999831
0.999831
0.999831
0.999831
0.999831
0.999831
0.999831
0.999831
0.999831
0.999831
0.999662
0.999662
0.999831
0.999831
0.999831
0.999831
0.999831
0.999831
0.999831
0.999831
0.999831
0.999831
0.999831
0.999831
0.999831
0.999831
0.999831
0.999831
0.999831
0.999831
0.999831
0.999662
0.998986
0.998142
0.997466
0.995777
0.993412
0.990372
0.989189
0.989696
0.989358
0.991047
0.991047
0.991892
0.99375
0.995608
0.996622
0.998311
0.999155
0.999662
0.999831
0.999831
0.999831
0.999831
0.999831
0.999831
0.999662
0.999831
0.999324
0.999324
0.996791
0.992399
0.987162
0.974155
0.957601
0.933953
0.904054
0.869257
0.835135
0.804392
0.79848
0.814865
0.842568
0.883615
0.928378
0.962162
0.98125
0.992736
0.997804
0.999324
0.999831
0.999831
0.999831
0.999831
0.999662
0.999324
0.998986
0.997635
0.994426
0.985811
0.971959
0.949324
0.914527
0.871284
0.8125
0.735811
0.648649
0.586486
0.553209
0.572297
0.633108
0.725338
0.827027
0.910473
0.953041
0.982939
0.993581
0.998311
0.999662
0.999831
0.999831
0.999831
0.999831
0.999324
0.998986
0.995946
0.990034
0.979392
0.95625
0.92348
0.877196
0.816554
0.730068
0.63125
0.532264
0.465878
0.448311
0.498818
0.595439
0.705574
0.819426
0.897466
0.949324
0.978885
0.991216
0.997128
0.999662
0.999662
0.999831
0.999831
0.999155
0.999662
0.998142
0.994764
0.988514
0.970777
0.942061
0.895101
0.836318
0.747973
0.637838
0.528547
0.446115
0.406757
0.441385
0.532432
0.652365
0.767399
0.863851
0.926858
0.961993
0.981757
0.990709
0.997297
0.999493
0.999662
0.999831
0.999831
0.999493
0.999831
0.99848
0.993581
0.983953
0.959291
0.921115
0.861149
0.78277
0.665709
0.548142
0.446284
0.391385
0.417061
0.513682
0.641385
0.759966
0.858784
0.922466
0.957095
0.975845
0.988851
0.994426
0.997466
0.999493
0.999662
0.999831
0.999831
0.999831
0.999831
0.998649
0.994257
0.979054
0.947297
0.894595
0.823142
0.708953
0.581081
0.459122
0.385811
0.390203
0.484122
0.626182
0.758953
0.865878
0.928041
0.960473
0.974493
0.985642
0.992568
0.995946
0.998142
0.999324
0.999662
0.999831
0.999831
0.999831
0.999831
0.998818
0.993074
0.972466
0.927534
0.861486
0.764865
0.628547
0.490541
0.384291
0.356081
0.435811
0.584122
0.743243
0.861824
0.930068
0.960135
0.96875
0.978716
0.986149
0.992736
0.997128
0.998649
0.999324
0.999831
0.999831
0.999831
0.999831
0.999831
0.998649
0.989527
0.959966
0.904392
0.816216
0.691554
0.543919
0.401182
0.332601
0.375845
0.523311
0.702703
0.837669
0.912669
0.938682
0.944257
0.947804
0.958615
0.974662
0.986824
0.994932
0.998311
0.999493
0.999831
0.999831
0.999831
0.999831
0.999662
0.998649
0.98598
0.944932
0.876351
0.766723
0.610473
0.447804
0.32973
0.321284
0.436318
0.625
0.783108
0.864865
0.88277
0.873818
0.869426
0.879899
0.907601
0.936993
0.968581
0.987669
0.997635
0.999493
0.999831
0.999831
0.999831
0.999831
0.999662
0.998818
0.979561
0.930405
0.84223
0.703547
0.522466
0.35625
0.28902
0.345946
0.515203
0.693919
0.790034
0.785642
0.745946
0.718243
0.725338
0.761318
0.821453
0.882432
0.931588
0.97348
0.995608
0.999324
0.999662
0.999831
0.999831
0.999831
0.999662
0.998649
0.976182
0.913007
0.802872
0.63277
0.432095
0.282264
0.273986
0.402534
0.573142
0.678041
0.657601
0.580743
0.526689
0.515034
0.546115
0.611824
0.703885
0.800169
0.891216
0.952196
0.991216
0.999493
0.999662
0.999831
0.999831
0.999831
0.999831
0.99848
0.971284
0.891216
0.758108
0.553209
0.352196
0.242568
0.289865
0.445101
0.557939
0.540372
0.438682
0.352365
0.326182
0.347128
0.399831
0.485473
0.602703
0.726014
0.843074
0.926689
0.985642
0.999155
0.999662
0.999831
0.999831
0.999831
0.999831
0.998649
0.964358
0.869257
0.700507
0.483108
0.279054
0.21875
0.3125
0.444595
0.466216
0.363345
0.260135
0.230405
0.254054
0.30625
0.341723
0.406081
0.522804
0.669426
0.808108
0.910473
0.978716
0.999324
0.999831
0.999831
0.999831
0.999831
0.999831
0.998142
0.957939
0.846791
0.657095
0.428547
0.241892
0.208784
0.317736
0.406926
0.360135
0.264358
0.236318
0.284797
0.340541
0.357095
0.343243
0.370946
0.479054
0.640709
0.795101
0.908108
0.974493
0.998818
0.999831
0.999831
0.999831
0.999831
0.999831
0.996959
0.952703
0.8375
0.63598
0.395101
0.22027
0.200507
0.293243
0.344088
0.32027
0.291047
0.347804
0.436318
0.456081
0.389696
0.315878
0.342399
0.473649
0.649324
0.81723
0.916723
0.975676
0.998986
0.999831
0.999831
0.999831
0.999831
0.999493
0.996453
0.953041
0.838007
0.635642
0.393243
0.217568
0.169764
0.236655
0.307939
0.328885
0.380236
0.466554
0.494764
0.429054
0.319932
0.258615
0.338007
0.507939
0.697635
0.853716
0.93598
0.982095
0.999324
0.999831
0.999831
0.999831
0.999831
0.999493
0.995439
0.960811
0.85777
0.670439
0.430574
0.219764
0.129899
0.160304
0.247128
0.324493
0.383446
0.397297
0.353716
0.26098
0.196622
0.244088
0.396453
0.601858
0.777365
0.897128
0.964358
0.990541
0.999324
0.999831
0.999831
0.999831
0.999831
0.999662
0.995777
0.972297
0.897128
0.739358
0.514189
0.273311
0.121622
0.0915541
0.139527
0.202534
0.224662
0.203885
0.161655
0.133446
0.185135
0.338851
0.539358
0.731419
0.863176
0.94375
0.982432
0.996622
0.999662
0.999831
0.999831
0.999831
0.999831
0.999831
0.996959
0.983953
0.940709
0.834291
0.648142
0.416554
0.203041
0.0891892
0.0579392
0.0697635
0.0751689
0.0814189
0.11098
0.188345
0.343581
0.545101
0.730574
0.862162
0.941723
0.979899
0.995439
0.998818
0.999662
0.999831
0.999831
0.999831
0.999831
0.999831
0.999155
0.993919
0.974155
0.920439
0.815372
0.637838
0.432939
0.257095
0.151858
0.116554
0.135135
0.191892
0.295946
0.456081
0.630574
0.786824
0.893412
0.953378
0.983446
0.994764
0.998818
0.998986
0.999662
0.999831
0.999831
0.999831
0.999831
0.999831
0.999831
0.999324
0.996284
0.981588
0.953209
0.897804
0.814527
0.720439
0.650676
0.619426
0.628547
0.674831
0.743243
0.829392
0.9
0.949155
0.977872
0.990541
0.996791
0.999155
0.999831
0.999662
0.999662
0.999831
0.999831
0.999831
0.999831
0.999831
0.999831
0.999831
0.999831
0.998986
0.996115
0.992399
0.986318
0.975676
0.966892
0.960473
0.96098
0.964696
0.972297
0.983277
0.989527
0.99375
0.996791
0.998649
0.999324
0.999831
0.999831
0.999831
0.999831
0.999831
0.999831
0.999831
0.999831
0.999831
0.999831
0.999831
0.999831
0.999831
0.999831
0.999831
0.999831
0.999324
0.998649
0.998649
0.998311
0.997973
0.998142
0.998818
0.999155
0.999662
0.999662
0.999831
0.999831
0.999831
0.999831
0.999831
0.999831
0.999831
0.999831
0.999831
0.999831
0.999831
0.999831
0.999831
0.999831
0.999831
0.999831
0.999831
0.999831
0.999662
0.999662
0.999831
0.999831
0.999831
0.999831
0.999831
0.999831
0.999831
0.999831
0.999831
0.999831
0.999831
0.999831
0.999831
0.999831
0.999831
0.999831
0.999831
0.999831
0.999831
0.999831
0.999831
0.999831
0.999831
0.999831
0.999831
0.999831
0.999831
0.999831
0.999831
0.999831
0.999831
0.999831
0.999831
0.999831
0.999831
0.999831
0.999831
0.999831
0.999831
0.999831
0.999831
0.999831
0.999831
0.999831
0.999831
0.999831
0.999831
0.999831
0.999831
0.999831
0.999831
0.999831
0.999831
0.999831
0.999831
0.999831
0.999831
0.999831
0.999831
0.999831
0.999831
0.999831
0.999831
0.999831
0.999831
0.999831
0.999831
0.999831
0.999831
0.999831
0.999831
0.99984
0.99984
0.99984
0.99984
0.99984
0.99984
0.99984
0.99984
0.99984
0.99984
0.99984
0.99984
0.99984
0.99984
0.99984
0.99984
0.99984
0.99984
0.99984
0.99984
0.99984
0.99984
0.99984
0.99984
0.99984
0.99984
0.99984
0.99984
0.99984
0.99984
0.99984
0.99984
0.99984
0.99984
0.99984
0.99984
0.99984
0.99984
0.99984
0.99984
0.99984
0.99984
0.99984
0.99984
0.99984
0.99984
0.99984
0.99984
0.99984
0.99984
0.99984
0.99984
0.99984
0.99984
0.99984
0.99984
0.99984
0.99984
0.99984
0.99984
0.99984
0.99984
0.99984
0.99984
0.99984
0.99984
0.99984
0.99984
0.99984
0.99984
0.99984
0.99984
0.99984
0.99984
0.99984
0.99984
0.99984
0.99984
0.99984
0.99984
0.99984
0.99984
0.99984
0.99984
0.99984
0.99984
0.99984
0.99984
0.99984
0.99984
0.99984
0.99984
0.99984
0.99984
0.99984
0.99984
0.99984
0.99984
0.99984
0.99984
0.99984
0.99984
0.99984
0.99984
0.99984
0.99984
0.99984
0.99984
0.99984
0.99984
0.99984
0.99984
0.99984
0.99984
0.99984
0.999681
0.999681
0.999681
0.99984
0.999681
0.999681
0.999681
0.99984
0.999362
0.999362
0.999362
0.999362
0.999521
0.999521
0.99984
0.99984
0.99984
0.99984
0.999681
0.999681
0.99984
0.99984
0.99984
0.99984
0.99984
0.99984
0.99984
0.99984
0.999681
0.999362
0.997926
0.996011
0.99282
0.989788
0.987394
0.985958
0.985639
0.984363
0.985479
0.986118
0.987075
0.98883
0.992022
0.994894
0.996809
0.998564
0.999043
0.999202
0.99984
0.99984
0.99984
0.99984
0.99984
0.99984
0.99984
0.998564
0.997766
0.991703
0.977342
0.962023
0.940322
0.916547
0.888623
0.866603
0.850168
0.837881
0.832615
0.8307
0.834211
0.840594
0.852721
0.880166
0.907133
0.940163
0.964417
0.981012
0.99266
0.998723
0.99984
0.99984
0.99984
0.999681
0.998723
0.993617
0.980533
0.950375
0.898516
0.838679
0.760172
0.681347
0.600128
0.535025
0.483804
0.450136
0.424605
0.406734
0.399713
0.398755
0.420935
0.472156
0.571087
0.689325
0.811074
0.902346
0.958513
0.990905
0.998245
0.99984
0.99984
0.999681
0.996809
0.980214
0.944311
0.887666
0.804691
0.696346
0.572842
0.457954
0.349609
0.262486
0.201691
0.166108
0.157172
0.148077
0.142971
0.144248
0.164353
0.227541
0.347056
0.520185
0.702569
0.844742
0.936174
0.982607
0.997607
0.99984
0.99984
0.999362
0.995053
0.970161
0.926759
0.855752
0.750439
0.630764
0.495133
0.36014
0.253869
0.181905
0.150949
0.148715
0.158609
0.163076
0.146482
0.117281
0.103239
0.14329
0.258976
0.449019
0.660124
0.823041
0.929312
0.984363
0.997607
0.999681
0.999681
0.999521
0.994575
0.969363
0.925004
0.857029
0.760172
0.642253
0.518749
0.407851
0.326632
0.300303
0.317536
0.358066
0.393809
0.405617
0.366523
0.272698
0.170895
0.147599
0.249402
0.449497
0.67273
0.840434
0.945907
0.990426
0.997926
0.999681
0.999681
0.999362
0.995373
0.976384
0.94112
0.88607
0.814265
0.715813
0.616084
0.524813
0.487315
0.509494
0.566459
0.642572
0.693793
0.701771
0.616084
0.41902
0.223233
0.167544
0.280517
0.501516
0.722993
0.877453
0.963938
0.994415
0.999521
0.99984
0.99984
0.999521
0.996809
0.985479
0.963779
0.92293
0.869635
0.791766
0.713739
0.65438
0.647997
0.692357
0.771182
0.846976
0.880006
0.851763
0.699537
0.425882
0.204564
0.177916
0.336365
0.572204
0.797192
0.919738
0.979735
0.99649
0.999043
0.999681
0.999681
0.99984
0.998564
0.993298
0.979097
0.951492
0.909047
0.858625
0.791926
0.755226
0.762247
0.813148
0.884793
0.938886
0.942078
0.864369
0.630126
0.329185
0.166427
0.206159
0.403542
0.660284
0.849848
0.948141
0.983724
0.995053
0.998404
0.999681
0.99984
0.99984
0.999681
0.99633
0.988511
0.966332
0.936971
0.896601
0.853838
0.832615
0.847774
0.886389
0.928514
0.943195
0.922132
0.782671
0.487155
0.226903
0.14329
0.240466
0.492261
0.741344
0.886389
0.951811
0.979256
0.991543
0.997926
0.99984
0.99984
0.99984
0.99984
0.998723
0.993777
0.979735
0.954843
0.927397
0.899952
0.88591
0.890697
0.907292
0.918462
0.91176
0.843944
0.630764
0.339876
0.157332
0.149673
0.329185
0.596617
0.797351
0.904899
0.952928
0.977182
0.990426
0.998245
0.99984
0.99984
0.999681
0.99984
0.999521
0.99649
0.986756
0.971438
0.950215
0.932823
0.917824
0.912558
0.907133
0.898197
0.861178
0.723951
0.464975
0.237753
0.134674
0.219722
0.45939
0.698739
0.854795
0.927397
0.961545
0.980533
0.992979
0.999043
0.99984
0.99984
0.99984
0.999681
0.999681
0.998085
0.992181
0.983086
0.971597
0.957555
0.943833
0.930748
0.916707
0.880804
0.798628
0.592788
0.348013
0.185097
0.17265
0.349609
0.59183
0.790171
0.902984
0.953726
0.973352
0.987713
0.993936
0.998404
0.999521
0.99984
0.999681
0.999681
0.999043
0.998564
0.995851
0.991064
0.986596
0.976863
0.96681
0.951492
0.923089
0.861018
0.710388
0.47806
0.269986
0.187171
0.272379
0.494016
0.709749
0.865805
0.936812
0.971757
0.985799
0.993458
0.99617
0.999043
0.999521
0.99984
0.99984
0.999362
0.999202
0.999202
0.997926
0.996011
0.993777
0.987713
0.978618
0.957715
0.912239
0.80134
0.608266
0.397798
0.245093
0.247966
0.399872
0.627413
0.802457
0.914154
0.962183
0.985001
0.993936
0.997766
0.998404
0.999362
0.99984
0.99984
0.99984
0.999681
0.99984
0.999681
0.999043
0.997607
0.99617
0.990266
0.976065
0.938408
0.855752
0.710228
0.517472
0.345301
0.267592
0.347535
0.530716
0.718366
0.855912
0.939205
0.976863
0.990905
0.995851
0.998723
0.998883
0.999362
0.99984
0.99984
0.99984
0.99984
0.99984
0.99984
0.998883
0.996809
0.9925
0.982926
0.953247
0.886868
0.779161
0.618318
0.451572
0.339397
0.337961
0.456837
0.619116
0.775969
0.888304
0.953247
0.980373
0.991224
0.99633
0.998723
0.999043
0.999521
0.99984
0.99984
0.99984
0.99984
0.99984
0.999521
0.997766
0.992979
0.98516
0.960587
0.910005
0.82001
0.697463
0.549226
0.424126
0.374182
0.416148
0.538854
0.681506
0.810116
0.906016
0.958992
0.981969
0.9925
0.996809
0.999202
0.999202
0.999521
0.99984
0.99984
0.99984
0.99984
0.99984
0.999521
0.994894
0.987235
0.968406
0.928674
0.863412
0.760332
0.630924
0.509813
0.436413
0.431307
0.49258
0.608904
0.726983
0.835168
0.91527
0.961066
0.983246
0.993458
0.997128
0.999362
0.999202
0.999681
0.99984
0.99984
0.99984
0.99984
0.999681
0.998723
0.993458
0.98165
0.954205
0.902824
0.825275
0.722196
0.604436
0.518749
0.481091
0.497846
0.565821
0.660603
0.760332
0.855114
0.922451
0.963459
0.982926
0.994096
0.997926
0.999681
0.999362
0.999681
0.99984
0.99984
0.99984
0.99984
0.99984
0.998883
0.995532
0.982129
0.952449
0.897559
0.817616
0.726185
0.632679
0.578427
0.561672
0.588798
0.644487
0.72411
0.803096
0.878251
0.936174
0.964895
0.985001
0.994256
0.997287
0.999202
0.999362
0.99984
0.99984
0.99984
0.99984
0.99984
0.99984
0.99984
0.997926
0.991543
0.97415
0.939205
0.892772
0.842189
0.792564
0.754907
0.739748
0.749162
0.782352
0.827988
0.875379
0.919419
0.954364
0.977022
0.991703
0.995692
0.997926
0.999362
0.99984
0.999681
0.99984
0.99984
0.99984
0.99984
0.99984
0.99984
0.999521
0.998883
0.996968
0.994575
0.991224
0.988511
0.978937
0.975427
0.969363
0.964417
0.962342
0.966491
0.971438
0.980214
0.988192
0.994734
0.998245
0.998883
0.999202
0.999521
0.99984
0.99984
0.99984
0.99984
0.999829
0.999829
0.999829
0.999829
0.999829
0.999829
0.999829
0.999829
0.999829
0.999829
0.999829
0.999829
0.999829
0.999829
0.999829
0.999829
0.999829
0.999829
0.999829
0.999829
0.999829
0.999829
0.999829
0.999829
0.999829
0.999829
0.999829
0.999829
0.999829
0.999829
0.999829
0.999829
0.999829
0.999829
0.999829
0.999829
0.999829
0.999829
0.999829
0.999829
0.999829
0.999829
0.999829
0.999829
0.999829
0.999829
0.999829
0.999829
0.999829
0.999829
0.999829
0.999829
0.999829
0.999829
0.999829
0.999829
0.999829
0.999829
0.999829
0.999829
0.999829
0.999829
0.999829
0.999829
0.999829
0.999829
0.999829
0.999829
0.999829
0.999829
0.999829
0.999829
0.999829
0.999658
0.999658
0.999829
0.999829
0.999829
0.999829
0.999829
0.999829
0.999829
0.999829
0.999829
0.999829
0.999829
0.999829
0.999829
0.999829
0.999829
0.999829
0.999829
0.999658
0.999658
0.999146
0.998804
0.998121
0.997096
0.996412
0.995387
0.993849
0.995216
0.995216
0.996754
0.997779
0.998121
0.998462
0.999146
0.999487
0.999658
0.999829
0.999829
0.999829
0.999829
0.999658
0.999829
0.999829
0.999658
0.999658
0.998291
0.993849
0.98599
0.973347
0.950453
0.914403
0.872202
0.834102
0.812916
0.811891
0.827781
0.862464
0.903981
0.932684
0.959166
0.978302
0.991287
0.995387
0.997779
0.999146
0.999658
0.999829
0.999829
0.999829
0.999829
0.999658
0.998975
0.994874
0.985307
0.961387
0.918845
0.849821
0.742183
0.60516
0.480437
0.373142
0.308218
0.2966
0.340167
0.442166
0.571673
0.695712
0.806082
0.883991
0.942764
0.973005
0.989065
0.997437
0.999658
0.999829
0.999829
0.999829
0.999829
0.998462
0.994704
0.981548
0.947548
0.89185
0.797198
0.660174
0.495131
0.345293
0.228772
0.160943
0.133778
0.13822
0.178712
0.255937
0.376559
0.521955
0.663762
0.790876
0.879378
0.941568
0.978643
0.995558
0.999487
0.999829
0.999829
0.999829
0.999658
0.995558
0.985136
0.954041
0.894071
0.800615
0.662737
0.496327
0.336067
0.230651
0.185717
0.201264
0.215445
0.228601
0.236118
0.252349
0.316931
0.43089
0.579019
0.71536
0.821288
0.912523
0.970443
0.99197
0.999146
0.999829
0.999829
0.999829
0.998291
0.991287
0.972493
0.925508
0.845208
0.723731
0.555613
0.392961
0.285665
0.258329
0.306851
0.393132
0.456005
0.45088
0.41073
0.342389
0.324449
0.405091
0.537844
0.667521
0.800103
0.894242
0.962242
0.991628
0.998975
0.999829
0.999829
0.999829
0.998291
0.987528
0.964121
0.905177
0.812746
0.670084
0.49291
0.359815
0.300871
0.344951
0.468819
0.593542
0.648385
0.600205
0.478558
0.361524
0.321545
0.392107
0.532035
0.67743
0.804545
0.895951
0.964634
0.991799
0.998975
0.999829
0.999829
0.999829
0.998633
0.986503
0.959337
0.90176
0.798565
0.654707
0.48693
0.357936
0.321886
0.395695
0.546557
0.670767
0.671621
0.568085
0.412609
0.300188
0.312489
0.417222
0.580044
0.725611
0.846745
0.923287
0.971297
0.99402
0.998975
0.999829
0.999829
0.999829
0.998633
0.988382
0.961216
0.905519
0.808816
0.672988
0.502648
0.371604
0.316761
0.361866
0.483171
0.575261
0.532206
0.397232
0.279344
0.260892
0.350419
0.514608
0.67931
0.809841
0.903639
0.953357
0.983427
0.995558
0.999658
0.999829
0.999829
0.999829
0.999146
0.992482
0.970443
0.926875
0.849991
0.720827
0.566035
0.411755
0.299846
0.280198
0.333846
0.381172
0.306509
0.218008
0.209465
0.308731
0.467453
0.650777
0.795831
0.891509
0.94789
0.973518
0.99197
0.997608
0.999487
0.999829
0.999829
0.999829
0.999317
0.995558
0.983086
0.952332
0.89373
0.794635
0.65129
0.483513
0.302922
0.186742
0.173586
0.182471
0.132923
0.137707
0.247907
0.434136
0.633863
0.792414
0.891338
0.944815
0.97386
0.987869
0.9959
0.998975
0.999658
0.999829
0.999829
0.999829
0.999658
0.998291
0.990603
0.971809
0.93183
0.856142
0.730053
0.536306
0.317444
0.141808
0.0830343
0.068341
0.0750043
0.161456
0.359132
0.595421
0.771399
0.878182
0.933026
0.96395
0.982231
0.992653
0.997096
0.999658
0.999829
0.999829
0.999829
0.999829
0.999658
0.999317
0.993678
0.98001
0.946181
0.876132
0.750043
0.544165
0.296771
0.116692
0.0717581
0.0755168
0.120964
0.254229
0.479412
0.683923
0.816504
0.893901
0.94191
0.967709
0.984111
0.992653
0.998121
0.999829
0.999829
0.999829
0.999829
0.999829
0.999658
0.999146
0.992824
0.972664
0.928754
0.835982
0.680164
0.456005
0.239194
0.131215
0.137707
0.177174
0.229284
0.351102
0.5211
0.685802
0.804886
0.882283
0.930292
0.962754
0.979839
0.990091
0.998291
0.999829
0.999829
0.999829
0.999829
0.999829
0.999487
0.997779
0.987357
0.95199
0.87972
0.744746
0.548095
0.345635
0.209124
0.203485
0.276098
0.332479
0.353665
0.403554
0.519563
0.652144
0.773108
0.855459
0.916795
0.950794
0.973689
0.988553
0.998804
0.999658
0.999829
0.999829
0.999829
0.999829
0.999658
0.995558
0.972151
0.919187
0.808474
0.6313
0.441312
0.286691
0.253887
0.333333
0.445071
0.4789
0.431915
0.434307
0.513924
0.620195
0.738425
0.831198
0.901589
0.942594
0.968905
0.988895
0.998804
0.999658
0.999829
0.999829
0.999829
0.999829
0.999487
0.992312
0.955237
0.877157
0.731249
0.546557
0.380147
0.29062
0.343755
0.474458
0.565864
0.550658
0.475312
0.437553
0.494276
0.592175
0.717068
0.816163
0.892875
0.941227
0.970443
0.992482
0.999317
0.999829
0.999829
0.999829
0.999829
0.999829
0.999317
0.98992
0.943106
0.839228
0.681189
0.508286
0.366479
0.319153
0.397403
0.502477
0.555271
0.500256
0.437724
0.415684
0.468819
0.578165
0.709722
0.815992
0.896463
0.947548
0.976251
0.995216
0.999317
0.999829
0.999829
0.999829
0.999829
0.999829
0.999317
0.989407
0.939006
0.829147
0.671963
0.506407
0.368871
0.298138
0.317957
0.352298
0.363062
0.344097
0.326158
0.361866
0.457543
0.590466
0.728515
0.838032
0.914061
0.958483
0.983256
0.997608
0.999658
0.999829
0.999829
0.999829
0.999829
0.999829
0.999317
0.992653
0.943619
0.846404
0.709551
0.546728
0.389202
0.255254
0.182471
0.158722
0.157526
0.184179
0.249445
0.359645
0.502307
0.649923
0.787801
0.880574
0.943619
0.972664
0.99197
0.998462
0.999487
0.999829
0.999829
0.999829
0.999829
0.999829
0.999487
0.996583
0.967709
0.890654
0.783017
0.638134
0.48693
0.339142
0.208269
0.148642
0.154963
0.21237
0.328891
0.472066
0.62532
0.767128
0.870152
0.934563
0.970272
0.987186
0.99607
0.998975
0.999658
0.999829
0.999829
0.999829
0.999829
0.999829
0.999829
0.999317
0.991116
0.959166
0.902956
0.814967
0.711259
0.607893
0.521955
0.473091
0.478729
0.542628
0.630788
0.736033
0.831539
0.906202
0.950965
0.976251
0.98992
0.995558
0.998804
0.999829
0.999829
0.999829
0.999829
0.999829
0.999829
0.999829
0.999829
0.999829
0.998975
0.995045
0.990091
0.981548
0.97198
0.961046
0.953699
0.948915
0.945156
0.947377
0.957799
0.970613
0.982573
0.988382
0.993166
0.997096
0.999317
0.999658
0.999658
0.999829
0.999829
0.999829
0.999829
0.999829
0.999829
0.999829
0.999829
0.999829
0.999829
0.999829
0.999658
0.999146
0.998975
0.998804
0.998633
0.998633
0.998975
0.999317
0.999487
0.999658
0.999658
0.999658
0.999658
0.999829
0.999829
0.999658
0.999829
0.999829
0.999829
0.999829
0.999829
0.999829
0.999829
0.999829
0.999829
0.999829
0.999829
0.999829
0.999829
0.999829
0.999829
0.999829
0.999829
0.999829
0.999829
0.999829
0.999829
0.999829
0.999829
0.999829
0.999829
0.999829
0.999829
0.999829
0.999829
0.999829
0.999829
0.999829
0.999829
0.999832
0.999832
0.999832
0.999832
0.999832
0.999832
0.999832
0.999832
0.999832
0.999832
0.999832
0.999832
0.999832
0.999832
0.999832
0.999832
0.999832
0.999832
0.999832
0.999832
0.999832
0.999832
0.999832
0.999832
0.999832
0.999832
0.999832
0.999832
0.999832
0.999832
0.999832
0.999832
0.999832
0.999832
0.999832
0.999832
0.999832
0.999832
0.999832
0.999832
0.999832
0.999832
0.999832
0.999832
0.999832
0.999832
0.999832
0.999832
0.999832
0.999832
0.999832
0.999832
0.999832
0.999832
0.999832
0.999832
0.999832
0.999832
0.999832
0.999832
0.999832
0.999832
0.999832
0.999832
0.999832
0.999832
0.999832
0.999832
0.999832
0.999832
0.999832
0.999832
0.999832
0.999832
0.999832
0.999832
0.999832
0.999832
0.999832
0.999832
0.999832
0.999832
0.999832
0.999832
0.999832
0.999832
0.999832
0.999832
0.999832
0.999832
0.999832
0.999832
0.999832
0.999832
0.999832
0.999832
0.999832
0.999832
0.999832
0.999832
0.999832
0.999832
0.999664
0.999832
0.999832
0.999832
0.999832
0.999832
0.999832
0.999832
0.999832
0.999832
0.999832
0.999832
0.999832
0.999832
0.999832
0.999832
0.999832
0.999832
0.999832
0.999832
0.99916
0.998488
0.997647
0.996807
0.996135
0.995967
0.997311
0.997815
0.998656
0.999496
0.999496
0.999832
0.999832
0.999832
0.999832
0.999832
0.999832
0.999832
0.999832
0.999832
0.999832
0.999832
0.999832
0.999832
0.999832
0.999328
0.998152
0.994623
0.987061
0.97429
0.959503
0.946564
0.940346
0.936985
0.943035
0.955302
0.969081
0.980171
0.988573
0.994623
0.998152
0.999664
0.999832
0.999832
0.999832
0.999832
0.999832
0.999832
0.999832
0.999832
0.999832
0.999496
0.996975
0.993615
0.977819
0.945387
0.892959
0.803394
0.679718
0.557553
0.462947
0.419929
0.450681
0.538565
0.657873
0.781213
0.883381
0.945891
0.983028
0.995127
0.99916
0.999664
0.999832
0.999832
0.999832
0.999832
0.999832
0.999664
0.999664
0.997143
0.987733
0.966056
0.912284
0.830785
0.678709
0.486305
0.299277
0.159805
0.0925895
0.077634
0.119644
0.225844
0.385649
0.578894
0.754831
0.874307
0.952109
0.985045
0.996471
0.99916
0.999832
0.999832
0.999832
0.999832
0.999832
0.999328
0.996639
0.987565
0.963536
0.910267
0.804739
0.638884
0.419425
0.228365
0.129558
0.115611
0.138464
0.15678
0.165518
0.19879
0.288355
0.472694
0.660393
0.81751
0.921862
0.975298
0.994287
0.998992
0.999832
0.999832
0.999832
0.999832
0.999664
0.998824
0.99311
0.971601
0.925055
0.8286
0.660561
0.431692
0.241976
0.168207
0.216434
0.333053
0.439086
0.459083
0.38985
0.301126
0.294068
0.406654
0.605781
0.78491
0.907074
0.971265
0.994119
0.998992
0.999832
0.999832
0.999832
0.999832
0.999832
0.997311
0.984036
0.946732
0.875315
0.723912
0.507982
0.29222
0.204671
0.276592
0.454713
0.643925
0.739876
0.677029
0.509326
0.32045
0.25878
0.358259
0.572173
0.773483
0.905058
0.970929
0.993951
0.998824
0.999664
0.999832
0.999832
0.999832
0.999328
0.995295
0.974458
0.919341
0.81835
0.630314
0.398757
0.24164
0.266006
0.449168
0.682574
0.826248
0.816333
0.659217
0.43102
0.237775
0.192573
0.328516
0.569148
0.790791
0.916149
0.97429
0.995631
0.99916
0.999664
0.999832
0.999832
0.999832
0.999328
0.992438
0.965888
0.905394
0.778021
0.564443
0.34532
0.247353
0.344816
0.56898
0.752142
0.783062
0.679382
0.487481
0.272391
0.136616
0.160981
0.354226
0.614351
0.829272
0.936985
0.981684
0.997311
0.999832
0.999832
0.999832
0.999832
0.999832
0.999496
0.99311
0.961351
0.890103
0.75836
0.542094
0.337254
0.268862
0.36935
0.541086
0.61351
0.569484
0.444295
0.277768
0.1388
0.0796505
0.175937
0.42161
0.702571
0.880524
0.95631
0.987565
0.997815
0.999664
0.999664
0.999832
0.999832
0.999832
0.999664
0.993278
0.963031
0.894472
0.772979
0.567636
0.371198
0.286675
0.321459
0.389178
0.396404
0.347841
0.263821
0.175433
0.0811628
0.0710805
0.230886
0.532852
0.789111
0.919173
0.971265
0.991094
0.998488
0.999664
0.999664
0.999832
0.999832
0.999832
0.999664
0.994959
0.970089
0.916317
0.8123
0.643085
0.45673
0.337926
0.298605
0.301462
0.298941
0.284658
0.250546
0.161149
0.0796505
0.101496
0.329524
0.645438
0.850781
0.944715
0.978323
0.991934
0.998656
0.999664
0.999496
0.999832
0.999832
0.999832
0.999832
0.996639
0.979667
0.94169
0.87145
0.750798
0.597883
0.474038
0.402789
0.38044
0.379936
0.391531
0.325492
0.19711
0.107209
0.177617
0.448664
0.730802
0.892287
0.955302
0.981012
0.993783
0.998656
0.999664
0.999664
0.999832
0.999832
0.999832
0.999664
0.998152
0.990086
0.9674
0.926063
0.856663
0.765081
0.677197
0.615359
0.600235
0.592001
0.54411
0.39506
0.230381
0.16535
0.283146
0.556377
0.78659
0.90489
0.960007
0.985549
0.994623
0.998824
0.999664
0.999832
0.999832
0.999664
0.999832
0.999664
0.99916
0.995295
0.985885
0.966728
0.935137
0.893799
0.848093
0.8123
0.782894
0.735339
0.61183
0.423626
0.270711
0.251218
0.408335
0.638044
0.815661
0.913628
0.961519
0.983364
0.993783
0.998488
0.999328
0.999832
0.999832
0.999832
0.999832
0.999832
0.99916
0.997647
0.993446
0.985885
0.973954
0.957486
0.941186
0.911611
0.87061
0.773988
0.606117
0.4327
0.322635
0.34532
0.512015
0.689464
0.831457
0.9143
0.963031
0.983196
0.993446
0.997647
0.99916
0.999832
0.999832
0.999832
0.999832
0.999496
0.999328
0.99832
0.994959
0.992942
0.988237
0.980003
0.965216
0.93144
0.859519
0.729457
0.566291
0.439254
0.385481
0.450849
0.578726
0.724416
0.841707
0.917325
0.960511
0.98118
0.991766
0.996471
0.998824
0.999832
0.999832
0.999832
0.999832
0.999664
0.999496
0.998488
0.995799
0.994287
0.987397
0.975802
0.947572
0.893127
0.795833
0.663922
0.528819
0.458074
0.452865
0.530163
0.628298
0.747942
0.845908
0.919677
0.958326
0.980676
0.990254
0.995967
0.998992
0.999832
0.999832
0.999832
0.999832
0.999832
0.999664
0.99916
0.997479
0.993278
0.982356
0.957486
0.913292
0.836666
0.730129
0.607461
0.522265
0.491514
0.524114
0.586288
0.663082
0.760712
0.847589
0.917157
0.952613
0.976307
0.988909
0.995967
0.999328
0.999832
0.999832
0.999832
0.999832
0.999832
0.999664
0.998992
0.996471
0.989414
0.969753
0.936145
0.8775
0.78239
0.68207
0.591497
0.547135
0.545287
0.577382
0.629138
0.683415
0.770963
0.846748
0.908587
0.950933
0.974122
0.986893
0.995967
0.999328
0.999832
0.999832
0.999832
0.999832
0.999832
0.999832
0.998488
0.993951
0.983532
0.961015
0.919005
0.852462
0.763569
0.677533
0.609645
0.596706
0.61015
0.636028
0.67266
0.714502
0.782726
0.853638
0.908755
0.94942
0.97597
0.987733
0.996807
0.999664
0.999832
0.999832
0.999832
0.999832
0.999664
0.999832
0.998152
0.993615
0.982356
0.963704
0.925727
0.868425
0.793312
0.731138
0.691648
0.685599
0.701731
0.723744
0.750462
0.773147
0.827256
0.884389
0.929088
0.962359
0.981852
0.99311
0.998152
0.999664
0.999832
0.999832
0.999832
0.999832
0.999832
0.999664
0.998992
0.997143
0.994287
0.990758
0.979331
0.963872
0.944211
0.920013
0.905394
0.90321
0.907242
0.915476
0.924382
0.929592
0.945555
0.965384
0.977987
0.988573
0.996639
0.998992
0.999832
0.999832
0.999832
0.999832
0.999832
0.999832
0.999832
0.999832
0.999832
0.999832
0.999664
0.999664
0.999664
0.999328
0.998992
0.998656
0.998656
0.998824
0.997311
0.997984
0.998656
0.998656
0.998656
0.998656
0.998656
0.999328
0.999496
0.999832
0.999832
0.999832
0.999832
0.999832
